     1/300     17.5G      5.01      3.93      5.96      14.9        82       416     0.276     0.112    0.0707     0.128      4.26      3.21      3.62
     2/300     17.5G      4.18      3.62      3.15        11        81       416     0.353     0.261     0.188     0.273      3.74      3.11      2.58
     3/300     17.5G      3.87      3.61      2.69      10.2        83       416     0.399     0.309     0.235     0.324      3.52      3.05      2.26
     4/300     17.5G      3.66      3.58      2.46      9.69        75       416     0.424     0.359     0.284     0.373      3.29      2.93      1.92
     5/300     17.5G      3.51      3.52      2.25      9.28        75       416     0.428     0.405     0.325     0.403      3.16      2.86      1.74
     6/300     17.5G      3.42      3.48      2.14      9.05        90       416     0.427     0.432     0.351     0.419      3.06      2.81      1.62
     7/300     17.5G      3.36      3.44      2.06      8.86       116       416     0.426     0.452     0.365     0.428         3      2.78      1.55
     8/300     17.5G      3.31      3.41      2.01      8.73        84       416     0.426     0.469      0.38     0.438      2.95      2.75      1.51
     9/300     17.5G      3.28      3.42      1.96      8.66        67       416     0.428     0.478     0.388     0.442      2.92      2.73      1.47
    10/300     17.5G      3.25       3.4      1.92      8.57        77       416     0.432     0.486     0.395     0.448       2.9      2.72      1.45
    11/300     17.5G      3.23      3.37       1.9       8.5        94       416     0.432      0.49     0.399      0.45      2.89      2.71      1.43
    12/300     17.5G      3.21      3.37      1.87      8.45        87       416     0.435     0.492     0.402     0.453      2.87       2.7      1.42
    13/300     17.5G      3.18      3.35      1.84      8.37        61       416     0.441     0.493     0.404     0.457      2.86      2.69      1.41
    14/300     17.5G      3.17      3.34      1.84      8.35        74       416     0.444     0.493     0.405     0.459      2.85      2.69       1.4
    15/300     17.5G      3.16      3.33      1.81      8.31        88       416     0.451     0.494     0.406     0.463      2.84      2.68      1.39
    16/300     17.5G      3.14      3.34       1.8      8.28       153       416     0.457     0.493     0.407     0.466      2.84      2.68      1.38
    17/300     17.5G      3.13      3.32      1.78      8.23        61       416     0.462     0.493     0.409     0.469      2.83      2.67      1.37
    18/300     17.5G      3.13      3.33      1.77      8.23       103       416     0.466     0.492      0.41     0.471      2.82      2.67      1.37
    19/300     17.5G      3.11      3.32      1.75      8.19        79       416     0.472     0.493     0.411     0.474      2.81      2.66      1.36
    20/300     17.5G       3.1       3.3      1.75      8.15       106       416     0.477     0.492     0.412     0.476      2.81      2.66      1.35
    21/300     17.5G      3.09      3.31      1.75      8.15        72       416      0.48     0.493     0.413     0.478       2.8      2.65      1.34
    22/300     17.5G      3.08       3.3      1.74      8.12       137       416     0.481     0.494     0.415      0.48      2.79      2.65      1.33
    23/300     17.5G      3.08      3.29      1.72       8.1        98       416     0.484     0.496     0.417     0.482      2.78      2.64      1.32
    24/300     17.5G      3.07      3.28      1.71      8.07        77       416     0.485     0.498     0.419     0.484      2.77      2.64      1.32
    25/300     17.5G      3.06      3.28      1.71      8.05        79       416     0.487       0.5     0.421     0.486      2.76      2.63      1.31
    26/300     17.5G      3.06      3.28      1.71      8.05        87       416     0.488     0.502     0.422     0.487      2.75      2.63       1.3
    27/300     17.5G      3.05      3.28       1.7      8.04        74       416      0.49     0.504     0.425      0.49      2.75      2.62      1.29
    28/300     17.5G      3.04      3.28       1.7      8.02        77       416     0.489     0.507     0.427      0.49      2.74      2.62      1.29
    29/300     17.5G      3.03      3.27      1.69      7.99        88       416     0.486     0.509     0.429      0.49      2.73      2.62      1.28
    30/300     17.5G      3.03      3.28      1.68      7.98        83       416     0.484     0.513     0.431     0.491      2.72      2.61      1.28
    31/300     17.5G      3.03      3.26      1.67      7.95        85       416     0.484     0.515     0.433     0.492      2.71      2.61      1.27
    32/300     17.5G      3.02      3.26      1.68      7.96        90       416     0.482     0.517     0.434     0.492      2.71      2.61      1.27
    33/300     17.5G      3.02      3.27      1.66      7.95        74       416      0.48     0.519     0.436     0.492       2.7       2.6      1.26
    34/300     17.5G      3.01      3.24      1.66      7.91       107       416     0.479      0.52     0.437     0.492      2.69       2.6      1.26
    35/300     17.5G         3      3.27      1.65      7.92        61       416     0.477     0.522     0.439     0.493      2.69       2.6      1.25
    36/300     17.5G      2.99      3.25      1.64      7.89        73       416     0.477     0.525      0.44     0.494      2.68      2.59      1.25
    37/300     17.5G         3      3.26      1.65       7.9        87       416     0.476     0.527     0.441     0.494      2.68      2.59      1.24
    38/300     17.5G      2.98      3.24      1.63      7.85        88       416     0.474     0.528     0.443     0.494      2.67      2.59      1.24
    39/300     17.5G      2.99      3.26      1.63      7.87       108       416     0.472      0.53     0.444     0.494      2.67      2.59      1.24
    40/300     17.5G      2.98      3.24      1.62      7.83        74       416     0.471     0.531     0.445     0.494      2.66      2.58      1.23
    41/300     17.5G      2.98      3.24      1.64      7.86       148       416     0.469     0.534     0.447     0.494      2.66      2.58      1.23
    42/300     17.5G      2.98      3.23      1.62      7.83       114       416     0.469     0.536     0.449     0.495      2.65      2.58      1.23
    43/300     17.5G      2.97      3.22      1.61       7.8       105       416     0.469     0.539     0.451     0.497      2.65      2.58      1.23
    44/300     17.5G      2.96      3.24      1.62      7.82        84       416     0.469      0.54     0.452     0.497      2.64      2.58      1.22
    45/300     17.5G      2.95      3.22      1.61      7.78       154       416     0.467     0.541     0.453     0.496      2.64      2.57      1.22
    46/300     17.5G      2.96      3.23      1.61      7.79        86       416     0.466     0.542     0.454     0.496      2.64      2.57      1.22
    47/300     17.5G      2.95      3.23       1.6      7.78        85       416     0.466     0.544     0.455     0.497      2.63      2.57      1.21
    48/300     17.5G      2.94      3.23      1.59      7.77        94       416     0.465     0.544     0.455     0.497      2.63      2.57      1.21
    49/300     17.5G      2.94      3.21      1.59      7.75        81       416     0.466     0.546     0.456     0.498      2.63      2.57      1.21
    50/300     17.5G      2.94      3.23       1.6      7.77       108       416     0.465     0.547     0.457     0.498      2.62      2.57       1.2
    51/300     17.5G      2.94      3.23      1.58      7.75        72       416     0.465     0.548     0.457     0.498      2.62      2.57       1.2
    52/300     17.5G      2.93      3.22      1.57      7.73        62       416     0.463     0.549     0.458     0.498      2.62      2.56       1.2
    53/300     17.5G      2.93      3.23      1.58      7.74        89       416     0.462      0.55     0.459     0.498      2.61      2.56       1.2
    54/300     17.5G      2.92       3.2      1.58       7.7        82       416     0.462     0.552     0.461     0.499      2.61      2.56      1.19
    55/300     17.5G      2.92      3.23      1.57      7.72        75       416     0.463     0.553     0.461       0.5      2.61      2.56      1.19
    56/300     17.5G      2.92      3.21      1.56      7.69        92       416     0.464     0.553     0.462       0.5       2.6      2.56      1.19
    57/300     17.5G      2.91       3.2      1.56      7.67        84       416     0.464     0.555     0.463     0.501       2.6      2.56      1.19
    58/300     17.5G      2.91      3.21      1.56      7.68        98       416     0.464     0.555     0.464     0.501       2.6      2.55      1.18
    59/300     17.5G       2.9       3.2      1.56      7.66        80       416     0.465     0.558     0.465     0.502      2.59      2.55      1.18
    60/300     17.5G       2.9       3.2      1.55      7.65        97       416     0.464     0.557     0.466     0.501      2.59      2.55      1.18
    61/300     17.5G       2.9      3.21      1.54      7.66        99       416     0.463     0.558     0.466     0.501      2.59      2.55      1.18
    62/300     17.5G      2.89      3.19      1.54      7.63        90       416     0.463     0.557     0.467     0.501      2.59      2.55      1.17
    63/300     17.5G      2.89       3.2      1.54      7.63        96       416     0.463     0.559     0.467     0.502      2.58      2.55      1.17
    64/300     17.5G      2.89       3.2      1.54      7.63       102       416     0.463      0.56     0.469     0.503      2.58      2.54      1.17
    65/300     17.5G      2.88      3.19      1.53      7.61       101       416     0.462      0.56     0.469     0.502      2.58      2.54      1.17
    66/300     17.5G      2.88      3.19      1.53       7.6        88       416     0.463     0.562     0.471     0.503      2.58      2.54      1.16
    67/300     17.5G      2.88      3.19      1.53      7.61       118       416     0.461     0.563     0.471     0.503      2.57      2.54      1.16
    68/300     17.5G      2.87      3.19      1.52      7.58       102       416     0.461     0.563     0.472     0.503      2.57      2.54      1.16
    69/300     17.5G      2.87      3.18      1.52      7.57        68       416      0.46     0.564     0.473     0.503      2.57      2.54      1.16
    70/300     17.5G      2.87      3.19      1.52      7.58       117       416     0.461     0.565     0.474     0.504      2.57      2.54      1.16
    71/300     17.5G      2.87      3.18      1.52      7.57        67       416     0.459     0.566     0.474     0.503      2.56      2.54      1.15
    72/300     17.5G      2.86      3.17      1.52      7.54       117       416     0.458     0.566     0.474     0.503      2.56      2.53      1.15
    73/300     17.5G      2.86      3.17      1.51      7.54        87       416     0.462     0.568     0.475     0.505      2.56      2.53      1.15
    74/300     17.5G      2.86      3.19       1.5      7.55        85       416     0.462     0.568     0.476     0.505      2.56      2.53      1.15
    75/300     17.5G      2.85      3.16       1.5      7.52        98       416     0.463     0.569     0.477     0.507      2.56      2.53      1.15
    76/300     17.5G      2.85      3.19       1.5      7.54        47       416     0.463     0.569     0.477     0.507      2.55      2.53      1.14
    77/300     17.5G      2.84      3.17       1.5      7.51        58       416     0.463      0.57     0.477     0.506      2.55      2.53      1.14
    78/300     17.5G      2.84      3.18      1.49      7.52       106       416     0.463     0.571     0.478     0.507      2.55      2.53      1.14
    79/300     17.5G      2.84      3.17      1.49      7.49        60       416     0.462     0.572     0.479     0.507      2.55      2.53      1.14
    80/300     17.5G      2.84      3.16      1.48      7.48        95       416     0.462     0.572     0.478     0.507      2.55      2.53      1.14
    81/300     17.5G      2.84      3.18      1.49      7.51        70       416     0.461     0.572     0.479     0.507      2.55      2.53      1.14
    82/300     17.5G      2.83      3.15      1.48      7.47        78       416     0.462     0.572     0.479     0.507      2.54      2.53      1.14
    83/300     17.5G      2.83      3.15      1.48      7.46        66       416     0.463     0.573      0.48     0.508      2.54      2.53      1.13
    84/300     17.5G      2.83      3.15      1.48      7.46        61       416     0.462     0.574     0.481     0.508      2.54      2.52      1.13
    85/300     17.5G      2.82      3.16      1.48      7.46        82       416     0.462     0.574     0.481     0.508      2.54      2.52      1.13
    86/300     17.5G      2.82      3.15      1.47      7.44        78       416     0.461     0.574      0.48     0.508      2.54      2.52      1.13
    87/300     17.5G      2.82      3.16      1.47      7.45        76       416     0.461     0.574     0.481     0.507      2.54      2.52      1.13
    88/300     17.5G      2.81      3.14      1.46      7.42        99       416     0.461     0.575     0.481     0.508      2.53      2.52      1.12
    89/300     17.5G      2.81      3.14      1.46      7.42       117       416     0.461     0.576     0.482     0.509      2.53      2.52      1.12
    90/300     17.5G      2.81      3.15      1.46      7.41        92       416     0.459     0.575     0.481     0.507      2.53      2.52      1.12
    91/300     17.5G      2.81      3.15      1.45      7.41        89       416     0.461     0.577     0.483     0.509      2.53      2.52      1.12
    92/300     17.5G       2.8      3.15      1.45       7.4        75       416      0.46     0.577     0.482     0.508      2.53      2.52      1.12
    93/300     17.5G       2.8      3.15      1.44       7.4        80       416      0.46     0.579     0.484     0.509      2.53      2.51      1.12
    94/300     17.5G       2.8      3.14      1.45      7.39       116       416     0.461     0.578     0.484     0.509      2.53      2.51      1.12
    95/300     17.5G      2.79      3.15      1.44      7.39        92       416     0.463     0.579     0.485     0.511      2.53      2.51      1.12
    96/300     17.5G      2.79      3.14      1.44      7.37        52       416     0.463     0.581     0.487     0.512      2.52      2.51      1.11
    97/300     17.5G      2.79      3.14      1.44      7.36        61       416     0.463      0.58     0.487     0.511      2.52      2.51      1.11
    98/300     17.5G      2.78      3.13      1.43      7.34       143       416     0.463      0.58     0.487     0.511      2.52      2.51      1.11
    99/300     17.5G      2.78      3.13      1.42      7.33        45       416     0.463      0.58     0.487     0.512      2.52      2.51      1.11
   100/300     17.5G      2.78      3.13      1.42      7.33        75       416     0.464     0.581     0.487     0.512      2.52      2.51       1.1
   101/300     17.5G      2.78      3.13      1.41      7.32       123       416     0.463     0.581     0.487     0.511      2.52      2.51       1.1
   102/300     17.5G      2.77      3.14      1.42      7.33        86       416     0.465     0.583     0.488     0.514      2.51      2.51       1.1
   103/300     17.5G      2.77      3.12      1.41       7.3        59       416     0.465     0.583     0.489     0.513      2.51      2.51       1.1
   104/300     17.5G      2.77      3.13      1.41      7.31        95       416     0.463     0.583     0.489     0.513      2.51      2.51       1.1
   105/300     17.5G      2.76      3.13       1.4       7.3        63       416     0.463     0.585      0.49     0.513      2.51       2.5      1.09
   106/300     17.5G      2.76      3.12       1.4      7.29        68       416     0.463     0.584      0.49     0.513      2.51       2.5      1.09
   107/300     17.5G      2.76      3.12       1.4      7.28       102       416     0.462     0.585     0.491     0.513      2.51       2.5      1.09
   108/300     17.5G      2.76      3.12       1.4      7.28        77       416     0.462     0.587     0.492     0.513       2.5       2.5      1.09
   109/300     17.5G      2.75      3.12      1.39      7.26        85       416     0.462     0.586     0.491     0.513       2.5       2.5      1.09
   110/300     17.5G      2.75      3.13      1.39      7.27        89       416     0.462     0.586     0.491     0.513       2.5       2.5      1.09
   111/300     17.5G      2.75      3.11      1.39      7.25        56       416     0.463     0.588     0.493     0.515       2.5       2.5      1.09
   112/300     17.5G      2.75      3.11      1.38      7.24        59       416     0.464     0.589     0.494     0.515       2.5       2.5      1.08
   113/300     17.5G      2.74       3.1      1.37      7.21        79       416     0.463     0.588     0.494     0.514       2.5       2.5      1.08
   114/300     17.5G      2.74       3.1      1.38      7.22        92       416     0.463     0.588     0.494     0.515       2.5       2.5      1.08
   115/300     17.5G      2.74       3.1      1.37      7.21        68       416     0.464     0.588     0.494     0.515       2.5       2.5      1.08
   116/300     17.5G      2.73       3.1      1.37      7.21        92       416     0.465     0.589     0.494     0.516       2.5       2.5      1.08
   117/300     17.5G      2.73      3.09      1.36      7.19        91       416     0.464     0.589     0.494     0.516      2.49       2.5      1.08
   118/300     17.5G      2.73       3.1      1.37       7.2        93       416     0.464     0.589     0.495     0.516      2.49       2.5      1.08
   119/300     17.5G      2.72      3.09      1.35      7.16        97       416     0.463     0.589     0.494     0.515      2.49       2.5      1.08
   120/300     17.5G      2.72       3.1      1.35      7.18       112       416     0.463     0.588     0.494     0.515      2.49       2.5      1.08
   121/300     17.5G      2.72      3.09      1.36      7.17       125       416     0.461     0.589     0.494     0.514      2.49       2.5      1.08
   122/300     17.5G      2.72      3.08      1.34      7.14        59       416     0.462     0.589     0.494     0.515      2.49       2.5      1.08
   123/300     17.5G      2.71      3.08      1.33      7.13        73       416     0.463      0.59     0.495     0.516      2.49       2.5      1.07
   124/300     17.5G      2.71      3.07      1.34      7.12       110       416     0.464      0.59     0.495     0.516      2.49       2.5      1.07
   125/300     17.5G      2.71      3.09      1.33      7.13        77       416     0.464     0.591     0.496     0.517      2.48      2.49      1.07
   126/300     17.5G       2.7      3.08      1.32       7.1       102       416     0.465     0.592     0.497     0.517      2.48      2.49      1.07
   127/300     17.5G       2.7      3.07      1.32      7.09        67       416     0.466     0.593     0.497     0.518      2.48      2.49      1.07
   128/300     17.5G       2.7      3.08      1.33       7.1       106       416     0.465     0.592     0.497     0.517      2.48      2.49      1.07
   129/300     17.5G       2.7      3.07      1.31      7.08        80       416     0.465     0.592     0.497     0.518      2.48      2.49      1.07
   130/300     17.5G      2.69      3.07      1.31      7.07        89       416     0.468     0.594     0.497      0.52      2.48      2.49      1.07
   131/300     17.5G      2.69      3.07      1.31      7.07        88       416     0.468     0.594     0.497      0.52      2.47      2.49      1.06
   132/300     17.5G      2.69      3.06      1.32      7.07        76       416     0.467     0.594     0.498     0.519      2.47      2.49      1.06
   133/300     17.5G      2.68      3.06       1.3      7.04       103       416     0.466     0.593     0.497     0.518      2.47      2.49      1.06
   134/300     17.5G      2.68      3.05       1.3      7.02        76       416     0.465     0.594     0.498     0.518      2.47      2.49      1.06
   135/300     17.5G      2.68      3.05       1.3      7.02        61       416     0.465     0.594     0.498     0.518      2.47      2.49      1.06
   136/300     17.5G      2.68      3.06       1.3      7.03        85       416     0.464     0.592     0.498     0.517      2.47      2.49      1.06
   137/300     17.5G      2.67      3.05      1.28         7       123       416     0.465     0.593     0.498     0.518      2.47      2.49      1.06
   138/300     17.5G      2.67      3.04      1.29         7        94       416     0.465     0.595     0.499     0.519      2.47      2.49      1.06
   139/300     17.5G      2.67      3.05      1.29         7        58       416     0.466     0.595     0.499     0.519      2.46      2.49      1.05
   140/300     17.5G      2.66      3.04      1.28      6.98        62       416     0.467     0.595       0.5      0.52      2.46      2.49      1.05
   141/300     17.5G      2.66      3.03      1.27      6.96        70       416     0.467     0.596       0.5      0.52      2.46      2.49      1.05
   142/300     17.5G      2.66      3.02      1.27      6.94        65       416     0.467     0.597       0.5     0.521      2.46      2.49      1.05
   143/300     17.5G      2.65      3.03      1.27      6.95       118       416     0.468     0.597     0.501     0.521      2.46      2.49      1.05
   144/300     17.5G      2.65      3.03      1.26      6.94        96       416     0.468     0.599     0.502     0.522      2.46      2.49      1.05
   145/300     17.5G      2.64      3.03      1.26      6.93        54       416     0.468     0.599     0.502     0.522      2.45      2.49      1.05
   146/300     17.5G      2.65      3.03      1.25      6.93       106       416     0.466     0.598     0.502     0.521      2.45      2.48      1.05
   147/300     17.5G      2.63      3.03      1.24      6.91        90       416     0.469     0.599     0.502     0.523      2.45      2.48      1.04
   148/300     17.5G      2.63      3.02      1.24       6.9        81       416     0.468       0.6     0.504     0.523      2.45      2.48      1.04
   149/300     17.5G      2.63      3.01      1.24      6.88        58       416     0.468     0.601     0.504     0.523      2.45      2.48      1.04
   150/300     17.5G      2.63      3.01      1.23      6.86        78       416     0.467     0.601     0.504     0.523      2.45      2.48      1.04
   151/300     17.5G      2.62         3      1.23      6.86       106       416     0.468     0.603     0.506     0.524      2.45      2.49      1.04
   152/300     17.5G      2.62      3.01      1.22      6.86        85       416     0.468     0.603     0.506     0.524      2.45      2.49      1.04
   153/300     17.5G      2.62      2.99      1.22      6.83        96       416     0.468     0.604     0.507     0.524      2.45      2.49      1.04
   154/300     17.5G      2.62         3      1.23      6.84        93       416     0.468     0.603     0.507     0.524      2.45      2.49      1.04
   155/300     17.5G      2.61      3.01      1.21      6.84        40       416     0.468     0.603     0.507     0.524      2.44      2.49      1.04
   156/300     17.5G      2.61      3.01      1.21      6.83       114       416      0.47     0.604     0.508     0.525      2.44      2.48      1.04
   157/300     17.5G      2.61         3       1.2       6.8       111       416     0.469     0.603     0.507     0.525      2.44      2.48      1.04
   158/300     17.5G       2.6      2.98       1.2      6.79        55       416     0.471     0.605     0.508     0.526      2.44      2.48      1.04
   159/300     17.5G       2.6      2.99      1.19      6.78        70       416     0.468     0.602     0.507     0.524      2.44      2.48      1.03
   160/300     17.5G      2.59      2.98      1.19      6.76        66       416     0.471     0.604     0.508     0.526      2.44      2.48      1.03
   161/300     17.5G      2.59      2.98      1.19      6.76        61       416     0.471     0.605     0.508     0.526      2.44      2.48      1.03
   162/300     17.5G      2.59      2.98      1.18      6.75       151       416      0.47     0.604     0.508     0.526      2.44      2.48      1.03
   163/300     17.5G      2.58      2.97      1.18      6.72        70       416      0.47     0.605     0.509     0.526      2.44      2.48      1.03
   164/300     17.5G      2.59      2.97      1.18      6.73        64       416     0.469     0.605     0.509     0.525      2.43      2.48      1.02
   165/300     17.5G      2.58      2.98      1.17      6.73        96       416     0.469     0.605     0.509     0.525      2.43      2.48      1.02
   166/300     17.5G      2.57      2.97      1.16      6.71        40       416     0.471     0.607      0.51     0.527      2.43      2.48      1.02
   167/300     17.5G      2.57      2.95      1.16      6.68        75       416     0.469     0.606      0.51     0.525      2.43      2.48      1.02
   168/300     17.5G      2.56      2.95      1.15      6.66        60       416      0.47     0.606      0.51     0.526      2.43      2.48      1.02
   169/300     17.5G      2.56      2.95      1.16      6.67        80       416      0.47     0.606      0.51     0.526      2.43      2.48      1.02
   170/300     17.5G      2.56      2.94      1.15      6.65        90       416      0.47     0.606      0.51     0.526      2.43      2.48      1.02
   171/300     17.5G      2.56      2.95      1.15      6.66       120       416      0.47     0.607     0.511     0.527      2.42      2.48      1.02
   172/300     17.5G      2.55      2.95      1.14      6.64        69       416     0.474     0.609     0.512      0.53      2.42      2.48      1.02
   173/300     17.5G      2.55      2.94      1.13      6.62       101       416     0.473     0.609     0.512     0.529      2.42      2.48      1.02
   174/300     17.5G      2.54      2.94      1.13      6.61        90       416     0.473      0.61     0.513     0.529      2.42      2.48      1.02
   175/300     17.5G      2.54      2.94      1.12       6.6        96       416     0.475     0.612     0.515     0.532      2.42      2.48      1.02
   176/300     17.5G      2.54      2.92      1.12      6.58        59       416     0.475     0.612     0.514     0.531      2.42      2.48      1.02
   177/300     17.5G      2.53      2.93      1.12      6.58        89       416     0.473     0.612     0.514     0.531      2.42      2.48      1.02
   178/300     17.5G      2.53       2.9      1.11      6.54        96       416     0.474     0.613     0.515     0.531      2.42      2.48      1.02
   179/300     17.5G      2.53      2.92       1.1      6.54        43       416     0.475     0.614     0.516     0.532      2.42      2.48      1.02
   180/300     17.5G      2.52       2.9       1.1      6.52        88       416     0.473     0.615     0.516     0.531      2.42      2.48      1.02
   181/300     17.5G      2.52      2.91      1.09      6.52       183       416     0.474     0.616     0.517     0.533      2.42      2.48      1.02
   182/300     17.5G      2.51      2.91      1.08      6.51        98       416     0.473     0.616     0.517     0.532      2.42      2.48      1.02
   183/300     17.5G      2.51       2.9      1.08      6.49        98       416     0.472     0.615     0.516     0.531      2.41      2.48      1.02
   184/300     17.5G      2.51       2.9      1.08      6.49        89       416     0.471     0.615     0.516      0.53      2.41      2.48      1.02
   185/300     17.5G      2.51      2.88      1.08      6.47        92       416     0.472     0.615     0.516     0.531      2.41      2.48      1.02
   186/300     17.5G       2.5      2.89      1.07      6.47        89       416     0.472     0.616     0.516     0.532      2.41      2.48      1.02
   187/300     17.5G       2.5      2.88      1.06      6.44        78       416     0.472     0.616     0.517     0.532      2.41      2.48      1.02
   188/300     17.5G      2.49      2.87      1.05      6.42        70       416     0.473     0.616     0.517     0.532      2.41      2.48      1.02
   189/300     17.5G      2.49      2.86      1.06       6.4        82       416     0.473     0.616     0.517     0.532      2.41      2.48      1.02
   190/300     17.5G      2.48      2.88      1.05      6.41        66       416     0.487     0.618      0.52     0.535      2.41      2.48      1.01
   191/300     17.5G      2.48      2.85      1.04      6.37       109       416     0.487     0.617     0.519     0.535      2.41      2.48      1.01
   192/300     17.5G      2.47      2.86      1.04      6.37        63       416     0.488     0.616     0.519     0.535      2.41      2.48      1.01
   193/300     17.5G      2.47      2.85      1.04      6.36        67       416     0.487     0.616     0.519     0.535      2.41      2.48      1.01
   194/300     17.5G      2.46      2.85      1.03      6.34        87       416     0.488     0.617     0.519     0.536      2.41      2.48      1.01
   195/300     17.5G      2.46      2.85      1.02      6.33        66       416     0.487     0.618     0.518     0.536      2.41      2.48      1.01
   196/300     17.5G      2.45      2.81      1.01      6.28        81       416     0.487     0.619     0.519     0.536      2.41      2.48      1.01
   197/300     17.5G      2.45      2.82      1.02      6.29        63       416     0.485     0.617     0.517     0.534      2.41      2.48      1.01
   198/300     17.5G      2.45      2.83      1.01       6.3       113       416     0.486     0.617     0.518     0.535       2.4      2.48      1.01
   199/300     17.5G      2.45      2.81      1.01      6.27        60       416     0.485     0.617     0.518     0.534       2.4      2.48      1.01
   200/300     17.5G      2.43       2.8         1      6.24        98       416     0.486     0.617     0.519     0.535       2.4      2.48      1.01
   201/300     17.5G      2.44      2.81     0.987      6.24        57       416     0.488     0.617     0.519     0.536       2.4      2.48      1.01
   202/300     17.5G      2.44       2.8     0.981      6.22        45       416     0.488     0.617     0.519     0.536       2.4      2.48      1.01
   203/300     17.5G      2.43       2.8     0.988      6.22       112       416     0.488     0.618     0.519     0.536       2.4      2.48      1.01
   204/300     17.5G      2.43       2.8     0.977      6.21       105       416     0.486     0.618      0.52     0.535       2.4      2.48      1.01
   205/300     17.5G      2.42      2.79      0.97      6.18        93       416     0.488      0.62      0.52     0.537       2.4      2.48      1.01
   206/300     17.5G      2.42      2.79     0.963      6.17       148       416     0.488     0.618      0.52     0.536       2.4      2.48      1.01
   207/300     17.5G      2.41      2.78     0.955      6.15       104       416     0.488     0.618      0.52     0.536       2.4      2.48      1.01
   208/300     17.5G      2.41      2.79     0.961      6.15       129       416     0.489      0.62     0.521     0.537       2.4      2.48      1.01
   209/300     17.5G      2.41      2.78     0.952      6.14        86       416     0.489     0.619      0.52     0.537       2.4      2.49      1.01
   210/300     17.5G       2.4      2.77     0.945      6.11       104       416     0.491     0.619      0.52     0.538       2.4      2.49      1.01
   211/300     17.5G      2.39      2.77     0.942       6.1        80       416     0.488     0.617      0.52     0.536       2.4      2.49      1.02
   212/300     17.5G      2.39      2.74     0.927      6.05        66       416      0.49     0.619     0.521     0.537       2.4      2.49      1.02
   213/300     17.5G      2.39      2.76     0.926      6.07        93       416     0.492      0.62     0.522     0.539       2.4      2.49      1.02
   214/300     17.5G      2.38      2.74     0.922      6.04        89       416     0.491     0.619     0.521     0.538       2.4      2.49      1.02
   215/300     17.5G      2.37      2.72     0.914      6.01        72       416     0.492     0.619     0.521     0.539       2.4      2.49      1.02
   216/300     17.5G      2.37      2.73      0.91      6.01       112       416     0.491     0.618     0.521     0.538       2.4      2.49      1.02
   217/300     17.5G      2.37      2.73     0.903         6       129       416      0.49     0.618     0.521     0.538      2.39      2.49      1.02
   218/300     17.5G      2.36      2.72     0.902      5.99        74       416     0.493     0.619     0.521      0.54      2.39       2.5      1.02
   219/300     17.5G      2.36      2.71     0.897      5.97        84       416     0.493      0.62     0.522      0.54      2.39       2.5      1.02
   220/300     17.5G      2.35      2.72     0.893      5.97        95       416     0.491      0.62     0.522     0.539      2.39       2.5      1.02
   221/300     17.5G      2.35       2.7     0.884      5.93       107       416     0.485     0.621     0.523     0.539      2.39       2.5      1.02
   222/300     17.5G      2.34      2.71      0.88      5.93        59       416     0.487     0.622     0.523      0.54      2.39      2.51      1.02
   223/300     17.5G      2.34      2.68     0.874      5.89       102       416     0.485      0.62     0.522     0.539      2.39      2.51      1.02
   224/300     17.5G      2.33      2.68     0.868      5.88        93       416     0.484     0.619     0.522     0.538      2.39      2.51      1.02
   225/300     17.5G      2.33      2.69     0.864      5.88        51       416     0.485      0.62     0.523     0.539      2.39      2.51      1.02
   226/300     17.5G      2.32      2.67     0.857      5.85        76       416     0.483     0.619     0.523     0.539      2.39      2.51      1.02
   227/300     17.5G      2.32      2.67     0.856      5.84        57       416     0.485     0.619     0.523     0.539      2.39      2.52      1.02
   228/300     17.5G      2.31      2.67     0.846      5.83        67       416     0.486     0.619     0.523     0.539      2.39      2.52      1.02
   229/300     17.5G      2.31      2.66     0.841      5.81       103       416     0.487     0.619     0.524      0.54      2.39      2.52      1.02
   230/300     17.5G       2.3      2.64     0.835      5.78       122       416     0.488     0.618     0.523      0.54      2.39      2.52      1.02
   231/300     17.5G      2.29      2.64      0.83      5.76        71       416     0.488     0.618     0.523      0.54      2.39      2.52      1.02
   232/300     17.5G       2.3      2.64     0.827      5.76       128       416     0.487     0.618     0.523     0.539      2.39      2.53      1.02
   233/300     17.5G      2.29      2.63     0.818      5.73        84       416     0.488     0.619     0.524     0.541      2.39      2.53      1.02
   234/300     17.5G      2.29      2.64     0.806      5.73        87       416     0.487     0.619     0.524     0.541      2.39      2.53      1.02
   235/300     17.5G      2.28      2.62      0.81      5.71       103       416     0.488     0.621     0.525     0.542      2.39      2.54      1.02
   236/300     17.5G      2.27      2.62       0.8      5.69        80       416     0.489     0.618     0.524      0.54      2.39      2.54      1.02
   237/300     17.5G      2.27       2.6     0.798      5.67       100       416     0.489     0.618     0.523     0.542      2.39      2.54      1.02
   238/300     17.5G      2.27       2.6      0.79      5.66        77       416     0.488     0.617     0.523     0.541      2.39      2.54      1.03
   239/300     17.5G      2.26       2.6     0.787      5.65        68       416     0.487     0.617     0.522      0.54      2.39      2.54      1.03
   240/300     17.5G      2.26      2.58     0.787      5.63       122       416     0.489     0.618     0.522     0.542      2.39      2.54      1.03
   241/300     17.5G      2.25      2.58     0.785      5.61        96       416     0.492     0.617     0.522     0.542      2.39      2.54      1.03
   242/300     17.5G      2.24      2.57      0.77      5.58        66       416      0.49     0.617     0.522     0.542      2.39      2.55      1.03
   243/300     17.5G      2.24      2.57     0.767      5.57        86       416     0.491     0.618     0.523     0.543      2.39      2.55      1.03
   244/300     17.5G      2.24      2.56     0.761      5.55        63       416     0.489     0.616     0.522     0.542      2.39      2.55      1.03
   245/300     17.5G      2.23      2.56     0.755      5.55        96       416      0.49     0.618     0.523     0.542      2.39      2.56      1.03
   246/300     17.5G      2.22      2.54     0.752      5.51        54       416     0.489     0.616     0.522     0.542      2.39      2.56      1.03
   247/300     17.5G      2.22      2.53     0.745      5.49        98       416     0.489     0.615     0.522     0.541      2.39      2.57      1.03
   248/300     17.5G      2.21      2.53     0.736      5.48        75       416     0.488     0.615     0.522     0.541      2.39      2.57      1.04
   249/300     17.5G      2.21      2.51     0.734      5.46        84       416      0.49     0.617     0.522     0.542      2.39      2.57      1.04
   250/300     17.5G       2.2       2.5     0.733      5.44        72       416      0.49     0.615     0.522     0.542      2.39      2.58      1.04
   251/300     17.5G       2.2       2.5     0.724      5.43        66       416     0.491     0.617     0.522     0.543      2.39      2.58      1.04
   252/300     17.5G      2.19      2.48     0.721       5.4        96       416      0.49     0.615     0.521     0.542      2.39      2.58      1.04
   253/300     17.5G      2.19      2.49     0.713      5.39        78       416     0.492     0.617     0.523     0.544      2.39      2.59      1.04
   254/300     17.5G      2.18      2.49     0.709      5.38        95       416     0.493     0.616     0.522     0.544      2.39      2.59      1.04
   255/300     17.5G      2.17      2.47     0.707      5.35       112       416     0.492     0.614     0.521     0.543      2.39       2.6      1.04
   256/300     17.5G      2.17      2.47     0.699      5.35        71       416     0.497     0.616     0.522     0.547      2.39       2.6      1.05
   257/300     17.5G      2.17      2.46     0.694      5.33       105       416     0.495     0.617     0.522     0.546      2.39      2.61      1.05
   258/300     17.5G      2.17      2.46     0.691      5.31        74       416     0.493     0.614     0.521     0.544      2.39      2.61      1.06
   259/300     17.5G      2.16      2.45     0.683      5.29       102       416     0.491     0.614     0.521     0.543      2.39      2.62      1.06
   260/300     17.5G      2.16      2.45     0.678      5.28       101       416      0.49     0.613     0.519     0.542       2.4      2.62      1.06
   261/300     17.5G      2.15      2.43     0.675      5.25       103       416     0.488     0.611     0.518      0.54       2.4      2.63      1.06
   262/300     17.5G      2.14      2.43     0.674      5.25       101       416      0.49     0.612     0.518     0.541       2.4      2.63      1.07
   263/300     17.5G      2.14      2.42     0.659      5.22       120       416      0.49     0.612     0.518     0.541       2.4      2.64      1.07
   264/300     17.5G      2.13      2.42     0.663      5.21        58       416     0.489     0.609     0.517      0.54       2.4      2.64      1.07
   265/300     17.5G      2.13      2.41     0.659      5.19       100       416      0.49     0.609     0.516      0.54       2.4      2.64      1.07
   266/300     17.5G      2.12       2.4     0.649      5.17       134       416     0.493     0.609     0.517     0.542       2.4      2.65      1.08
   267/300     17.5G      2.12       2.4      0.64      5.16        93       416     0.494      0.61     0.517     0.543       2.4      2.65      1.08
   268/300     17.5G      2.12      2.39     0.642      5.16        77       416     0.496     0.609     0.517     0.544       2.4      2.66      1.08
   269/300     17.5G      2.11      2.37     0.639      5.12        97       416     0.494     0.607     0.515     0.542       2.4      2.66      1.08
   270/300     17.5G      2.11      2.37     0.633      5.11        68       416     0.495     0.607     0.515     0.543       2.4      2.67      1.09
   271/300     17.5G       2.1      2.36     0.628      5.09        82       416     0.498      0.61     0.516     0.545       2.4      2.67      1.09
   272/300     17.5G       2.1      2.36     0.626      5.09        85       416     0.498     0.609     0.516     0.545       2.4      2.68      1.09
   273/300     17.5G       2.1      2.36     0.621      5.07        76       416     0.498     0.607     0.515     0.544       2.4      2.68       1.1
   274/300     17.5G       2.1      2.35     0.623      5.07       103       416     0.496     0.605     0.514     0.542       2.4      2.69       1.1
   275/300     17.5G      2.08      2.34     0.613      5.04        60       416     0.499     0.607     0.514     0.545      2.41      2.69      1.11
   276/300     17.5G      2.08      2.34     0.617      5.05        95       416     0.499     0.607     0.514     0.545      2.41       2.7      1.11
   277/300     17.5G      2.08      2.33     0.606      5.02       113       416     0.501     0.609     0.515     0.547      2.41       2.7      1.11
   278/300     17.5G      2.07      2.32     0.607         5        70       416     0.501     0.607     0.514     0.546      2.41      2.71      1.12
   279/300     17.5G      2.07      2.32     0.604      4.99        89       416     0.502     0.607     0.514     0.547      2.41      2.71      1.12
   280/300     17.5G      2.07      2.32     0.605      4.99        71       416       0.5     0.607     0.514     0.545      2.41      2.72      1.12
   281/300     17.5G      2.06      2.32       0.6      4.98        92       416     0.503     0.609     0.514     0.548      2.41      2.72      1.12
   282/300     17.5G      2.06       2.3     0.592      4.95        69       416     0.503     0.608     0.513     0.548      2.41      2.72      1.12
   283/300     17.5G      2.05       2.3     0.587      4.94        96       416     0.504     0.608     0.513     0.549      2.41      2.73      1.12
   284/300     17.5G      2.06       2.3     0.585      4.94        98       416     0.504     0.608     0.513     0.548      2.41      2.73      1.12
   285/300     17.5G      2.05      2.29     0.581      4.92       138       416     0.502     0.607     0.513     0.547      2.42      2.73      1.12
   286/300     17.5G      2.05      2.29     0.578      4.92       124       416     0.503     0.607     0.513     0.547      2.42      2.73      1.12
   287/300     17.5G      2.04      2.28     0.583      4.91        94       416     0.503     0.606     0.512     0.546      2.42      2.74      1.13
   288/300     17.5G      2.05      2.28     0.577       4.9        80       416     0.503     0.606     0.512     0.546      2.42      2.74      1.13
   289/300     17.5G      2.04      2.27     0.581       4.9        82       416     0.504     0.606     0.513     0.547      2.42      2.74      1.13
   290/300     17.5G      2.04      2.26     0.575      4.87        73       416     0.503     0.605     0.512     0.546      2.42      2.74      1.13
   291/300     17.5G      2.03      2.26     0.573      4.86        54       416     0.504     0.607     0.513     0.548      2.42      2.75      1.14
   292/300     17.5G      2.03      2.26      0.57      4.86        57       416     0.504     0.606     0.513     0.547      2.42      2.75      1.14
   293/300     17.5G      2.03      2.25      0.57      4.85       104       416     0.505     0.608     0.513     0.549      2.42      2.75      1.14
   294/300     17.5G      2.03      2.26     0.567      4.85        77       416     0.505     0.607     0.513     0.548      2.42      2.76      1.14
   295/300     17.5G      2.03      2.26     0.566      4.86       111       416     0.505     0.606     0.512     0.548      2.42      2.76      1.14
   296/300     17.5G      2.03      2.25     0.569      4.85        71       416     0.505     0.604     0.511     0.547      2.42      2.77      1.15
   297/300     17.5G      2.03      2.25     0.563      4.84        92       416     0.504     0.604     0.511     0.547      2.42      2.77      1.15
   298/300     17.5G      2.03      2.25     0.571      4.84        70       416     0.504     0.604     0.511     0.546      2.42      2.77      1.15
   299/300     17.5G      2.02      2.24     0.563      4.83        67       416     0.505     0.604     0.511     0.547      2.42      2.77      1.15
   300/300     17.5G      2.03      2.26     0.565      4.85        62       416     0.504     0.604     0.512     0.546      2.42      2.78      1.15
