    89/300     17.5G      2.81      3.15      1.46      7.42       305       416     0.462     0.577     0.483     0.509      2.53      2.53      1.11
    90/300     17.5G      2.81      3.14      1.45       7.4       369       416     0.462     0.579     0.483      0.51      2.53      2.53      1.11
    91/300     17.5G      2.81      3.14      1.45       7.4       374       416     0.461      0.58     0.484      0.51      2.53      2.53      1.11
    92/300     17.5G       2.8      3.14      1.45      7.39       320       416      0.46     0.579     0.483     0.508      2.53      2.53       1.1
    93/300     17.5G       2.8      3.13      1.43      7.37       297       416     0.461      0.58     0.485      0.51      2.53      2.53       1.1
    94/300     17.5G       2.8      3.14      1.44      7.38       314       416     0.462     0.579     0.485      0.51      2.52      2.52       1.1
    95/300     17.5G       2.8      3.13      1.45      7.37       311       416     0.461      0.58     0.486      0.51      2.52      2.52       1.1
    96/300     17.5G      2.79      3.14      1.43      7.37       299       416     0.462      0.58     0.485      0.51      2.52      2.52       1.1
    97/300     17.5G      2.79      3.13      1.44      7.35       298       416      0.46     0.581     0.486      0.51      2.52      2.52       1.1
    98/300     17.5G      2.79      3.12      1.42      7.32       298       416     0.459     0.582     0.488      0.51      2.52      2.52       1.1
    99/300     17.5G      2.79      3.12      1.43      7.33       289       416      0.46     0.583     0.488      0.51      2.52      2.52       1.1
   100/300     17.5G      2.78      3.12      1.42      7.32       314       416      0.46     0.581     0.487      0.51      2.52      2.52       1.1
   101/300     17.5G      2.78      3.12      1.42      7.31       305       416      0.46     0.582     0.488      0.51      2.51      2.52       1.1
   102/300     17.5G      2.78      3.12      1.41      7.31       278       416      0.46     0.582     0.488      0.51      2.51      2.52       1.1
   103/300     17.5G      2.77      3.12      1.41      7.31       314       416     0.463     0.581     0.487     0.512      2.51      2.52       1.1
   104/300     17.5G      2.77      3.12      1.41       7.3       348       416     0.463     0.583     0.488     0.512      2.51      2.52      1.09
   105/300     17.5G      2.77      3.12      1.41       7.3       273       416     0.462     0.585      0.49     0.513      2.51      2.52      1.09
   106/300     17.5G      2.76      3.11       1.4      7.28       254       416     0.463     0.586      0.49     0.514       2.5      2.51      1.09
   107/300     17.5G      2.76       3.1       1.4      7.26       312       416     0.462     0.586     0.491     0.513       2.5      2.51      1.09
   108/300     17.5G      2.76      3.12      1.39      7.27       278       416     0.462     0.587     0.492     0.514       2.5      2.51      1.09
   109/300     17.5G      2.75       3.1      1.38      7.23       284       416     0.461     0.587     0.493     0.513       2.5      2.51      1.08
   110/300     17.5G      2.75       3.1      1.38      7.23       251       416      0.46     0.586     0.492     0.512       2.5      2.51      1.08
   111/300     17.5G      2.75      3.11      1.38      7.24       347       416     0.459     0.587     0.492     0.511       2.5      2.51      1.08
   112/300     17.5G      2.74      3.11      1.37      7.22       297       416      0.46     0.588     0.492     0.512       2.5      2.51      1.08
   113/300     17.5G      2.74       3.1      1.38      7.23       241       416      0.46     0.589     0.493     0.513       2.5      2.51      1.08
   114/300     17.5G      2.74      3.09      1.37       7.2       319       416      0.46     0.589     0.493     0.513      2.49      2.51      1.08
   115/300     17.5G      2.74      3.09      1.37       7.2       261       416     0.459     0.588     0.492     0.512      2.49      2.51      1.08
   116/300     17.5G      2.73      3.08      1.37      7.19       325       416     0.459     0.588     0.493     0.512      2.49      2.51      1.08
   117/300     17.5G      2.74       3.1      1.37       7.2       253       416      0.46     0.589     0.493     0.513      2.49      2.51      1.07
   118/300     17.5G      2.73      3.07      1.36      7.16       340       416     0.458     0.588     0.493     0.512      2.49      2.51      1.07
