     1/300     17.4G      5.96      2.63      15.5      24.1         6       416    0.0117     0.071   0.00138   0.00768      8.09      4.21      27.2
     2/300     17.4G      5.31      1.63      11.7      18.6        10       416    0.0248    0.0383  0.000701   0.00639      6.14      6.43      18.1
     3/300     17.4G       5.1      1.64      11.3        18         2       416     0.197    0.0687    0.0167    0.0587      6.27      1.51      13.9
     4/300     17.4G      5.06      1.61      10.2      16.9         4       416     0.175     0.119    0.0377     0.108      5.25      1.59        11
     5/300     17.4G      4.71      1.65      9.48      15.8        12       416     0.196     0.112    0.0385    0.0965      4.88       1.7      11.5
     6/300     17.4G      4.54      1.64      8.47      14.7         2       416     0.323     0.148    0.0651      0.15      4.67       1.6      9.34
     7/300     17.4G      4.49      1.61      7.71      13.8         2       416      0.33     0.118    0.0502      0.12      4.95      1.77      11.5
     8/300     17.4G      4.39       1.6      7.28      13.3         3       416     0.238     0.122    0.0507     0.138      4.51      1.63      10.1
     9/300     17.4G      4.34       1.6      6.56      12.5         3       416     0.355     0.193       0.1     0.189      4.39      1.57      8.35
    10/300     17.4G      4.26      1.57      5.64      11.5         2       416     0.334     0.243     0.129     0.245      4.32       1.6       8.3
    11/300     17.4G      4.23      1.56       5.5      11.3         2       416     0.467     0.188     0.128     0.246      4.21      1.59      7.75
    12/300     17.4G      4.24      1.55      5.05      10.8        11       416     0.454     0.204     0.147     0.265      4.15       1.6      8.04
    13/300     17.4G      4.13      1.54       4.6      10.3         3       416     0.387     0.271      0.16     0.294      4.04      1.56      7.78
    14/300     17.4G      4.12       1.5      4.26      9.88         2       416     0.412     0.304     0.195     0.322      3.97      1.58      7.34
    15/300     17.4G      4.08      1.56       4.6      10.2         2       416     0.443     0.286     0.195     0.332      3.98      1.57      7.89
    16/300     17.4G      4.07      1.53      4.39      9.99         2       416     0.333     0.317     0.177      0.29      3.98      1.59      8.11
    17/300     17.4G      4.04      1.53      3.75      9.31         2       416     0.428     0.282     0.194     0.314      3.94      1.59      8.27
    18/300     17.4G      4.02      1.51      3.44      8.97         2       416     0.494     0.281     0.204     0.336      3.85      1.57      7.75
    19/300     17.4G         4      1.51      3.19       8.7        10       416     0.454     0.288     0.198     0.339      3.95      1.56      7.69
    20/300     17.4G      3.96      1.49      3.25      8.69         3       416     0.416     0.345     0.236     0.367      3.84      1.55      7.26
    21/300     17.4G      3.93      1.46      2.73      8.12         3       416     0.445      0.33     0.236     0.366      3.81      1.56      7.95
    22/300     17.4G      3.92      1.47      2.52      7.91        10       416     0.432     0.348     0.248     0.374      3.76      1.54      7.54
    23/300     17.4G      3.85      1.45      2.18      7.47         2       416     0.487     0.346     0.252     0.385      3.75      1.55      7.88
    24/300     17.4G      3.82       1.5      2.91      8.23         8       416     0.428     0.367     0.247     0.371      3.71      1.56      7.55
    25/300     17.4G      3.87       1.5       3.5      8.88         6       416     0.477      0.34     0.251     0.385      3.71      1.55      7.85
    26/300     17.4G      3.86      1.44      2.72      8.02         2       416      0.49     0.372     0.279     0.409      3.67      1.54      7.51
    27/300     17.4G       3.8      1.42       1.8      7.02         4       416     0.493     0.373     0.281     0.408       3.6      1.53      7.41
    28/300     17.4G      3.95       1.4      1.58      6.94         9       416     0.434     0.383     0.273     0.399      3.61      1.53      7.68
    29/300     17.4G      3.72       1.4      1.55      6.66         4       416     0.483     0.393     0.287     0.421      3.57      1.54      7.81
    30/300     17.4G      3.74      1.43      1.98      7.14         3       416     0.486     0.374     0.281     0.408       3.6      1.55      7.64
    31/300     17.4G      3.71      1.41      1.75      6.87         6       416     0.464     0.398     0.289     0.417      3.54      1.54      7.91
    32/300     17.4G      3.69      1.39      1.47      6.54         2       416     0.483     0.389     0.289     0.422      3.54      1.53      7.93
    33/300     17.4G      3.68      1.41      1.55      6.63         9       416     0.482     0.399     0.295     0.427      3.54      1.53      8.08
    34/300     17.4G       3.6       1.4      1.44      6.44         4       416      0.47     0.408     0.301     0.426       3.5      1.52      7.94
    35/300     17.4G      3.54      1.36     0.954      5.85         5       416     0.494     0.419     0.316     0.445      3.46      1.52       7.8
    36/300     17.4G      3.53      1.34     0.946      5.82         3       416     0.478     0.424     0.318     0.443      3.45      1.52      7.94
    37/300     17.4G      3.51      1.38      1.24      6.13         5       416      0.49     0.419     0.311     0.443      3.43      1.53      7.97
    38/300     17.4G      3.52      1.31      1.08      5.92         4       416     0.484     0.423     0.318     0.442      3.42      1.52      8.01
    39/300     17.4G      3.45      1.31      1.03       5.8         4       416     0.477     0.429     0.323     0.442      3.41      1.53      8.35
    40/300     17.4G       3.5      1.38      1.34      6.22         2       416      0.49     0.427      0.32     0.449      3.44      1.52      7.95
    41/300     17.4G      3.53      1.38       1.7      6.62         3       416     0.474     0.438     0.326     0.445      3.43      1.52      7.79
    42/300     17.4G      3.58      1.38      1.82      6.78         2       416     0.472     0.424     0.321     0.438      3.41      1.52      7.62
    43/300     17.4G      3.47      1.34      1.24      6.05         4       416     0.482      0.43     0.326     0.446       3.4      1.51      7.97
    44/300     17.4G      3.44      1.32      1.13      5.89         3       416     0.489      0.43     0.326     0.449      3.38      1.51      7.78
    45/300     17.4G      3.68      1.47       2.8      7.94         5       416     0.462     0.415     0.296     0.421      3.47      1.51      7.64
    46/300     17.4G      3.57      1.39      1.51      6.47         9       416     0.496     0.428     0.322     0.451      3.44      1.51      7.48
    47/300     17.4G      3.43      1.33      0.91      5.67         9       416     0.496     0.434      0.33     0.452      3.37      1.51       7.7
    48/300     17.4G      3.31       1.3     0.729      5.33        12       416     0.495     0.445     0.336      0.46      3.35      1.52      7.59
    49/300     17.4G      3.28      1.25     0.601      5.13         8       416     0.488     0.445     0.337     0.459      3.33      1.52      7.71
    50/300     17.4G      3.21       1.2     0.458      4.87         3       416     0.493     0.445      0.34     0.461      3.31      1.53      7.83
    51/300     17.4G      3.15      1.15     0.391      4.69         3       416     0.499     0.445     0.343     0.464      3.31      1.54       7.8
    52/300     17.4G      3.54      1.47      3.19      8.19         2       416     0.476     0.436     0.329     0.444      3.36      1.54      7.52
    53/300     17.4G      3.44       1.4      1.86       6.7        14       416     0.472     0.436     0.328     0.443      3.33      1.52      7.15
    54/300     17.4G      3.38      1.33      1.25      5.97        10       416     0.477     0.446     0.338     0.454       3.3      1.52      7.17
    55/300     17.4G      3.37      1.36      1.31      6.04         2       416     0.471      0.45     0.346     0.453      3.28      1.52      7.18
    56/300     17.4G      3.31       1.3      1.02      5.63        13       416     0.478     0.456      0.35     0.459      3.28      1.51      7.26
    57/300     17.4G      3.27      1.27       0.9      5.44         2       416     0.475     0.456     0.351     0.458      3.28      1.52       7.4
    58/300     17.4G      3.37      1.33      1.41      6.12         3       416     0.471     0.462     0.354      0.46      3.28      1.51      7.51
    59/300     17.4G      3.32      1.31      1.24      5.87         2       416     0.482     0.457     0.356     0.463      3.28      1.51      7.56
    60/300     17.4G       3.6      1.49      3.07      8.16         4       416     0.478     0.443     0.334     0.452      3.31      1.52      7.54
    61/300     17.4G      3.38      1.35      1.28      6.01         2       416     0.479     0.446     0.334     0.454      3.31      1.52      7.53
    62/300     17.4G       3.3      1.28     0.692      5.27         7       416     0.485     0.449     0.337     0.458       3.3      1.51      7.58
    63/300     17.4G      3.25      1.23     0.604      5.09         4       416      0.48     0.455     0.344     0.461      3.29      1.52      7.57
    64/300     17.4G      3.18      1.19     0.481      4.85         2       416     0.484     0.458     0.347     0.464      3.28      1.52      7.64
    65/300     17.4G      3.11       1.1     0.334      4.54         3       416     0.481     0.456     0.349     0.462      3.31      1.52      7.67
    66/300     17.4G      3.05       1.1     0.393      4.54         2       416     0.481     0.456     0.351     0.462      3.31      1.53      7.67
    67/300     17.4G      2.99      1.05     0.343      4.38         5       416     0.481     0.456     0.351     0.462      3.29      1.54      7.67
    68/300     17.4G      2.84     0.963     0.276      4.08         2       416     0.479     0.457     0.354     0.462      3.28      1.55      7.67
    69/300     17.4G      2.82     0.908     0.245      3.98         2       416     0.487     0.459     0.355     0.467      3.28      1.56      7.68
    70/300     17.4G      2.83     0.943     0.334      4.11        11       416      0.48     0.458     0.356     0.463      3.27      1.57      7.68
    71/300     17.4G      2.76     0.876     0.265       3.9         2       416     0.482      0.46     0.357     0.466      3.27      1.59      7.68
    72/300     17.4G      2.73     0.828     0.256      3.81         2       416     0.482     0.461     0.357     0.467      3.26       1.6      7.66
    73/300     17.4G      2.66     0.773     0.221      3.65         9       416     0.483      0.46     0.356     0.466      3.26      1.62      7.66
    74/300     17.4G      2.63     0.785     0.264      3.68         7       416     0.483     0.458     0.354     0.465      3.26      1.63      7.66
    75/300     17.4G      2.75     0.927     0.481      4.16         2       416     0.488      0.46     0.356     0.468      3.26      1.64      7.71
    76/300     17.4G      2.75     0.879     0.357      3.99         6       416     0.486     0.457     0.354     0.466      3.26      1.65      7.78
    77/300     17.4G      2.63     0.792     0.265      3.69         7       416     0.488     0.457     0.353     0.466      3.25      1.66      7.82
    78/300     17.4G      2.57     0.711     0.239      3.52         3       416     0.491     0.457     0.353     0.467      3.25      1.67      7.83
    79/300     17.4G      2.55       0.7     0.232      3.48         7       416     0.493     0.454     0.352     0.466      3.25      1.68      7.84
    80/300     17.4G      2.55     0.745     0.267      3.56         2       416     0.495     0.455     0.353     0.468      3.25      1.69      7.84
    81/300     17.4G      2.45     0.662     0.208      3.32         2       416     0.497     0.452     0.352     0.466      3.24       1.7      7.84
    82/300     17.4G      2.52     0.639     0.229      3.39         6       416       0.5     0.452     0.352     0.468      3.25      1.71      7.84
    83/300     17.4G      2.42     0.614      0.21      3.25         2       416     0.502     0.451     0.352     0.469      3.25      1.72      7.83
    84/300     17.4G      2.38     0.583     0.211      3.18         2       416     0.503      0.45     0.351     0.468      3.25      1.73      7.83
    85/300     17.4G      2.47     0.643     0.273      3.38         2       416     0.503     0.447      0.35     0.467      3.25      1.74      7.84
    86/300     17.4G      2.46     0.662     0.287      3.41         4       416     0.505     0.447      0.35     0.467      3.25      1.75      7.85
    87/300     17.4G       2.4     0.669     0.242      3.31        14       416     0.507     0.448      0.35     0.469      3.24      1.76      7.86
    88/300     17.4G      2.35     0.605     0.211      3.16         2       416     0.509     0.448     0.351      0.47      3.24      1.77      7.87
    89/300     17.4G      2.48     0.747     0.795      4.02         3       416     0.511     0.449     0.352     0.471      3.24      1.77      7.85
    90/300     17.4G      3.41      1.49      4.65      9.55         3       416     0.513     0.452     0.354     0.472      3.23      1.75       7.8
    91/300     17.4G      3.36      1.43      3.34      8.13         5       416     0.513     0.451     0.353      0.47      3.22      1.73      7.75
    92/300     17.4G      3.25      1.33      2.13      6.71        23       416     0.512     0.455     0.357     0.471      3.21      1.71      7.72
    93/300     17.4G      3.06      1.16     0.905      5.13         3       416     0.509     0.459      0.36     0.472      3.21       1.7       7.7
    94/300     17.4G         3      1.12     0.842      4.96         5       416     0.506     0.459     0.361      0.47       3.2      1.69      7.69
    95/300     17.4G      3.02       1.1      0.92      5.04         3       416     0.504      0.46     0.362     0.469       3.2      1.69      7.68
    96/300     17.4G      3.21      1.38      2.42      7.01         4       416     0.507     0.463     0.363     0.471       3.2      1.68      7.64
    97/300     17.4G      3.08      1.24      1.29      5.61         3       416     0.512     0.463     0.363     0.473      3.19      1.67      7.61
    98/300     17.4G      2.95       1.1     0.774      4.83         5       416     0.507     0.463     0.363     0.471      3.19      1.66       7.6
    99/300     17.4G      2.82     0.973     0.347      4.14         4       416     0.501     0.463     0.363     0.468      3.19      1.66       7.6
   100/300     17.4G      2.73     0.883     0.385      3.99         3       416       0.5     0.464     0.362     0.466      3.19      1.66      7.61
   101/300     17.4G      3.29       1.4       2.5      7.18         8       416     0.511     0.462      0.36     0.469      3.19      1.66      7.61
   102/300     17.4G      3.09      1.25      1.22      5.56        15       416     0.513      0.46     0.359     0.467      3.19      1.65      7.64
   103/300     17.4G      3.03      1.26      1.16      5.44         3       416     0.514     0.461      0.36     0.467       3.2      1.65      7.69
   104/300     17.4G      2.89       1.1     0.707       4.7         2       416     0.511     0.461     0.358     0.466       3.2      1.65      7.76
   105/300     17.4G      2.79     0.981     0.396      4.17         3       416     0.509     0.461     0.357     0.464      3.21      1.65      7.83
   106/300     17.4G      2.64     0.864     0.247      3.76        15       416      0.51      0.46     0.356     0.463      3.21      1.65       7.9
   107/300     17.4G      2.55     0.784     0.224      3.55         3       416     0.506     0.458     0.353      0.46      3.21      1.65      7.97
   108/300     17.4G      2.47     0.709     0.206      3.39         3       416     0.505     0.456     0.351     0.458      3.21      1.66      8.02
   109/300     17.4G      2.42     0.672     0.194      3.28         7       416     0.504     0.455     0.349     0.456      3.21      1.66      8.06
   110/300     17.4G      2.35     0.632     0.187      3.17         2       416     0.504     0.456      0.35     0.456      3.21      1.66      8.09
   111/300     17.4G      2.29     0.596     0.184      3.07        12       416     0.501     0.455     0.349     0.455      3.22      1.67      8.11
   112/300     17.4G      2.26     0.562     0.171      2.99         3       416     0.501     0.456     0.348     0.455      3.22      1.67      8.13
   113/300     17.4G      2.24     0.546     0.184      2.97         3       416     0.501     0.455     0.347     0.455      3.22      1.68      8.13
   114/300     17.4G      2.27      0.55     0.185         3         4       416       0.5     0.454     0.347     0.454      3.22      1.68      8.14
   115/300     17.4G      2.23     0.561     0.189      2.98         7       416     0.499     0.454     0.346     0.454      3.22      1.69      8.14
   116/300     17.4G      2.14      0.52     0.178      2.84         2       416       0.5     0.454     0.345     0.454      3.22      1.69      8.14
   117/300     17.4G      2.24     0.569      0.25      3.06         5       416     0.501     0.454     0.344     0.454      3.22       1.7      8.14
   118/300     17.4G      2.19     0.534     0.177       2.9         8       416       0.5     0.452     0.343     0.453      3.22       1.7      8.13
   119/300     17.4G      2.12      0.51     0.171       2.8         2       416     0.501     0.452     0.342     0.454      3.22      1.71      8.12
   120/300     17.4G      2.07     0.492     0.185      2.75         3       416     0.501     0.453     0.343     0.455      3.22      1.71      8.11
   121/300     17.4G      2.12     0.529     0.213      2.86         4       416     0.502     0.452     0.343     0.455      3.21      1.72       8.1
   122/300     17.4G      2.04     0.501     0.171      2.71         2       416     0.503     0.452     0.342     0.456      3.21      1.73      8.08
   123/300     17.4G      2.02     0.486     0.175      2.68         3       416     0.504     0.452     0.342     0.457      3.21      1.73      8.07
   124/300     17.4G      1.98     0.465     0.183      2.63         2       416     0.504      0.45     0.341     0.456      3.21      1.74      8.06
   125/300     17.4G      2.71      1.16      1.95      5.82         2       416     0.504     0.451     0.341     0.457      3.21      1.74      8.03
   126/300     17.4G      2.94      1.22      2.05       6.2         6       416     0.501     0.451      0.34     0.455       3.2      1.74      8.03
   127/300     17.4G      2.97      1.27      2.16      6.39         3       416     0.501     0.451     0.339     0.454       3.2      1.73      8.02
   128/300     17.4G      3.04      1.34      2.17      6.55         2       416     0.504     0.449     0.337     0.453       3.2      1.72      8.03
   129/300     17.4G      3.03      1.26      1.74      6.03         2       416     0.503     0.445     0.334      0.45      3.19      1.72      8.03
   130/300     17.4G      3.14      1.28      2.01      6.42         3       416     0.503     0.443     0.333     0.449      3.19      1.71      8.02
   131/300     17.4G      2.89      1.15      1.15      5.19         3       416     0.503     0.444     0.332     0.449      3.19      1.71      8.01
   132/300     17.4G      2.73     0.973     0.443      4.14         2       416     0.501     0.445     0.332      0.45      3.19      1.71      8.01
   133/300     17.4G      2.67     0.851     0.316      3.83         3       416     0.501     0.446     0.332      0.45      3.19      1.71      8.01
   134/300     17.4G      2.52     0.748     0.243      3.51         4       416     0.499     0.447     0.333     0.451      3.19      1.71      8.01
   135/300     17.4G      2.58     0.868     0.592      4.04         5       416     0.498     0.448     0.332     0.451      3.19      1.71         8
   136/300     17.4G      2.57     0.802     0.341      3.71         4       416     0.498     0.447     0.332     0.451      3.19      1.71      8.01
   137/300     17.4G      2.37     0.693     0.215      3.28         6       416     0.497     0.448     0.333     0.452      3.19      1.72      8.01
   138/300     17.4G       2.4     0.794     0.333      3.53         8       416     0.496     0.448     0.333     0.452      3.19      1.72      8.02
   139/300     17.4G      2.31     0.689     0.243      3.25        13       416     0.499     0.449     0.333     0.454      3.19      1.72      8.02
   140/300     17.4G      2.24     0.614     0.242       3.1         2       416     0.498     0.449     0.333     0.454      3.19      1.73      8.02
   141/300     17.4G      2.45     0.844     0.574      3.87         4       416     0.498     0.448     0.333     0.454      3.19      1.73      8.02
   142/300     17.4G      2.28      0.67     0.244      3.19         9       416     0.498     0.447     0.333     0.454      3.19      1.74      8.02
   143/300     17.4G       2.2     0.601     0.182      2.98         4       416     0.498     0.447     0.333     0.454      3.19      1.74      8.01
   144/300     17.4G      2.15     0.545     0.183      2.88         3       416     0.499     0.446     0.332     0.455      3.18      1.75      8.01
   145/300     17.4G      2.02     0.509     0.158      2.69         3       416       0.5     0.446     0.333     0.455      3.18      1.76         8
   146/300     17.4G         2      0.48     0.223       2.7         3       416     0.502     0.445     0.332     0.455      3.18      1.76         8
   147/300     17.4G      3.45      1.63      5.21      10.3         2       416       0.5     0.441     0.328     0.453       3.2      1.77      8.08
   148/300     17.4G      2.96      1.33       1.7      5.98         5       416     0.498     0.433     0.323     0.447      3.21      1.79      8.26
   149/300     17.4G      2.74      1.16     0.947      4.84         4       416     0.494     0.427     0.319     0.442      3.23       1.8      8.45
   150/300     17.4G      2.59      1.03     0.585      4.21         3       416     0.492     0.424     0.315      0.44      3.24      1.82      8.63
   151/300     17.4G      2.41     0.848      0.29      3.54         5       416     0.485     0.418     0.311     0.434      3.26      1.83      8.81
   152/300     17.4G      2.27     0.744     0.233      3.24         3       416     0.485     0.418      0.31     0.434      3.27      1.84      8.98
   153/300     17.4G       2.2     0.651     0.195      3.05         7       416     0.484     0.416     0.308     0.432      3.28      1.86      9.12
   154/300     17.4G      2.11     0.606     0.163      2.88         4       416     0.482     0.415     0.306     0.431      3.28      1.87      9.23
   155/300     17.4G      2.08     0.597       0.2      2.87         2       416     0.482     0.414     0.306      0.43      3.29      1.88      9.32
   156/300     17.4G      2.15     0.588     0.183      2.92         3       416     0.479     0.411     0.303     0.426       3.3      1.89      9.38
   157/300     17.4G      1.97     0.528      0.15      2.65         6       416     0.479     0.411     0.303     0.427       3.3       1.9      9.43
   158/300     17.4G      1.92     0.489     0.145      2.56         3       416      0.48     0.411     0.303     0.427      3.31      1.91      9.46
   159/300     17.4G      1.93     0.477     0.151      2.56         6       416      0.48      0.41     0.302     0.427      3.31      1.92      9.48
   160/300     17.4G      1.87     0.448     0.142      2.46         5       416     0.481     0.409     0.302     0.427      3.32      1.93      9.49
   161/300     17.4G      1.86     0.437     0.143      2.44         5       416     0.481     0.408       0.3     0.426      3.32      1.94      9.49
   162/300     17.4G      1.85     0.463     0.145      2.46         6       416     0.483     0.408     0.301     0.427      3.32      1.95      9.49
   163/300     17.4G      1.79     0.436     0.139      2.37         4       416     0.485     0.407     0.301     0.427      3.32      1.96      9.48
   164/300     17.4G      1.79     0.412     0.138      2.34         6       416     0.484     0.406       0.3     0.427      3.32      1.97      9.46
   165/300     17.4G      1.73     0.407     0.133      2.26         4       416     0.487     0.406       0.3     0.428      3.33      1.98      9.45
   166/300     17.4G      1.75     0.401     0.138      2.29         4       416     0.489     0.404     0.299     0.428      3.33      1.99      9.43
   167/300     17.4G      1.69     0.391     0.137      2.22         2       416     0.492     0.405       0.3     0.429      3.33         2       9.4
   168/300     17.4G      1.68     0.384     0.137       2.2         2       416     0.496     0.404       0.3     0.431      3.32      2.01      9.37
   169/300     17.4G      1.66     0.397     0.147      2.21         3       416     0.501     0.404     0.299     0.432      3.32      2.02      9.35
   170/300     17.4G      1.71     0.397     0.159      2.27         3       416     0.503     0.401     0.298     0.431      3.33      2.03      9.31
   171/300     17.4G      1.67     0.377     0.137      2.18         3       416     0.504     0.399     0.297     0.431      3.33      2.04      9.28
   172/300     17.4G      1.59     0.366     0.134      2.09         5       416     0.509       0.4     0.297     0.432      3.32      2.05      9.25
   173/300     17.4G      1.58     0.355     0.127      2.06         3       416     0.512     0.399     0.297     0.433      3.32      2.06      9.22
   174/300     17.4G      1.55      0.35     0.129      2.03         4       416     0.514     0.398     0.296     0.433      3.32      2.07      9.18
   175/300     17.4G      1.53     0.348     0.126      2.01         2       416     0.515     0.397     0.297     0.434      3.32      2.08      9.15
   176/300     17.4G      1.68     0.407     0.171      2.26         3       416     0.516     0.396     0.297     0.434      3.32      2.09      9.12
   177/300     17.4G      1.85     0.584     0.383      2.82        12       416     0.517     0.397     0.298     0.435      3.32      2.09      9.08
   178/300     17.4G      2.89      1.36      2.89      7.14         4       416     0.523     0.397     0.299     0.437      3.31      2.09      9.05
   179/300     17.4G      2.52      1.05     0.895      4.47         3       416     0.526       0.4     0.301     0.439      3.31      2.08      9.03
   180/300     17.4G      2.22     0.815     0.408      3.44         3       416      0.53     0.401     0.301     0.441      3.31      2.08      9.01
   181/300     17.4G      2.16      0.76     0.594      3.51         7       416     0.531       0.4     0.302     0.441       3.3      2.07      8.99
   182/300     17.4G      2.11     0.684       0.3       3.1         8       416     0.536     0.401     0.303     0.443       3.3      2.07      8.97
   183/300     17.4G      1.95      0.58     0.209      2.74         4       416     0.537       0.4     0.303     0.444       3.3      2.08      8.95
   184/300     17.4G      1.86     0.507     0.149      2.51         5       416      0.54     0.398     0.303     0.443       3.3      2.08      8.94
   185/300     17.4G      1.76     0.466     0.151      2.37         4       416     0.543     0.398     0.302     0.444       3.3      2.08      8.92
   186/300     17.4G      1.67     0.422     0.152      2.25         4       416     0.548     0.399     0.303     0.446      3.29      2.09       8.9
   187/300     17.4G      1.81     0.527     0.229      2.57         2       416     0.547     0.397     0.302     0.445      3.29       2.1      8.86
   188/300     17.4G      1.71      0.44     0.133      2.28         3       416     0.552     0.397     0.302     0.447      3.29       2.1      8.83
   189/300     17.4G       1.6     0.396     0.123      2.12         4       416     0.554     0.398     0.304     0.448      3.29      2.11      8.81
   190/300     17.4G      1.59      0.39     0.116      2.09         8       416     0.557     0.398     0.304     0.449      3.29      2.12      8.79
   191/300     17.4G      1.53     0.364      0.12      2.01         4       416     0.557     0.396     0.304     0.448      3.28      2.13      8.77
   192/300     17.4G       1.5     0.367     0.116      1.98         2       416     0.558     0.395     0.304     0.448      3.28      2.14      8.74
   193/300     17.4G      1.49     0.358     0.118      1.96         5       416     0.561     0.393     0.303     0.448      3.28      2.15      8.72
   194/300     17.4G      1.48     0.363     0.119      1.96        20       416     0.563     0.393     0.303     0.449      3.28      2.16       8.7
   195/300     17.4G      1.45     0.363     0.119      1.93         9       416     0.566     0.392     0.303     0.449      3.28      2.17      8.68
   196/300     17.4G      1.43     0.337     0.132       1.9         2       416     0.569     0.391     0.303      0.45      3.27      2.18      8.66
   197/300     17.4G      1.42     0.336      0.12      1.88         7       416     0.571      0.39     0.302      0.45      3.27      2.19      8.64
   198/300     17.4G      1.38     0.332     0.118      1.83         6       416     0.573     0.389     0.302      0.45      3.27       2.2      8.62
   199/300     17.4G      1.37     0.341     0.118      1.83         9       416     0.575     0.389     0.302     0.451      3.27      2.21       8.6
   200/300     17.4G      1.39     0.337     0.124      1.85         7       416     0.575     0.388     0.301      0.45      3.27      2.22      8.57
   201/300     17.4G      1.34     0.319     0.109      1.77         2       416     0.577     0.387     0.302      0.45      3.27      2.23      8.55
   202/300     17.4G      1.33     0.301      0.12      1.75         3       416     0.582     0.388     0.303     0.452      3.26      2.24      8.53
   203/300     17.4G      1.37     0.325     0.116      1.82         3       416     0.584     0.388     0.303     0.453      3.26      2.25      8.51
   204/300     17.4G      1.32     0.313     0.116      1.74         8       416     0.584     0.387     0.303     0.453      3.26      2.26      8.49
   205/300     17.4G      1.28     0.292     0.111      1.68         2       416     0.588     0.387     0.302     0.454      3.26      2.27      8.47
   206/300     17.4G      1.28     0.293     0.101      1.67         4       416     0.592     0.386     0.302     0.454      3.26      2.28      8.45
   207/300     17.4G      1.25     0.291     0.114      1.66         2       416     0.593     0.386     0.302     0.454      3.26       2.3      8.43
   208/300     17.4G      1.25     0.291     0.112      1.66        12       416     0.594     0.384     0.301     0.453      3.26      2.31      8.41
   209/300     17.4G       1.2     0.276     0.108      1.58         2       416     0.596     0.383     0.301     0.454      3.26      2.32      8.39
   210/300     17.4G       1.2      0.27     0.105      1.58         3       416     0.597     0.383       0.3     0.454      3.25      2.33      8.37
   211/300     17.4G      1.19      0.27      0.11      1.57         9       416     0.598     0.381       0.3     0.453      3.25      2.35      8.36
   212/300     17.4G      1.21     0.279     0.108       1.6         3       416     0.601     0.382       0.3     0.454      3.25      2.36      8.34
   213/300     17.4G      1.15     0.259     0.105      1.52         2       416     0.602     0.381       0.3     0.455      3.25      2.37      8.33
   214/300     17.4G      1.13      0.26    0.0944      1.49         2       416     0.603      0.38     0.299     0.454      3.25      2.39      8.31
   215/300     17.4G      1.14     0.256     0.106       1.5         2       416     0.605      0.38     0.298     0.455      3.25       2.4       8.3
   216/300     17.4G      1.14     0.267     0.101      1.51         2       416     0.605     0.378     0.298     0.454      3.25      2.41      8.28
   217/300     17.4G       1.2      0.27     0.116      1.59         7       416     0.605     0.376     0.297     0.452      3.25      2.43      8.27
   218/300     17.4G      1.12     0.271     0.101       1.5        10       416     0.606     0.376     0.297     0.453      3.25      2.44      8.26
   219/300     17.4G      1.11     0.252      0.11      1.47         3       416     0.609     0.374     0.296     0.452      3.25      2.45      8.24
   220/300     17.4G      1.12     0.249     0.097      1.47         2       416     0.612     0.374     0.296     0.453      3.25      2.47      8.23
   221/300     17.4G      1.12      0.25    0.0992      1.47         5       416     0.614     0.372     0.295     0.452      3.25      2.48      8.22
   222/300     17.4G      1.08     0.242     0.109      1.43         4       416     0.613      0.37     0.293      0.45      3.25      2.49      8.21
   223/300     17.4G      1.05     0.241     0.108       1.4         7       416     0.615     0.369     0.293      0.45      3.25      2.51      8.19
   224/300     17.4G      1.03     0.237    0.0941      1.36         4       416     0.618     0.369     0.293      0.45      3.25      2.52      8.18
   225/300     17.4G      1.04     0.238    0.0945      1.37         2       416      0.62     0.368     0.292      0.45      3.25      2.54      8.17
   226/300     17.4G      1.02     0.235    0.0961      1.35         3       416     0.621     0.366     0.291     0.449      3.25      2.55      8.17
   227/300     17.4G      1.01     0.234     0.106      1.35         5       416     0.621     0.363     0.289     0.447      3.25      2.56      8.16
   228/300     17.4G      1.12     0.305     0.115      1.54         2       416     0.622     0.362     0.288     0.446      3.25      2.57      8.15
   229/300     17.4G       1.1     0.254    0.0965      1.46         5       416     0.622     0.359     0.286     0.444      3.25      2.59      8.14
   230/300     17.4G      1.05     0.246    0.0949      1.39         3       416     0.624     0.358     0.286     0.444      3.25       2.6      8.13
   231/300     17.4G     0.991     0.233    0.0905      1.31         3       416     0.624     0.356     0.285     0.442      3.25      2.61      8.12
   232/300     17.4G      0.97     0.223    0.0905      1.28         3       416     0.626     0.355     0.284     0.442      3.25      2.63      8.11
   233/300     17.4G     0.978     0.224    0.0951       1.3         2       416     0.626     0.353     0.283      0.44      3.25      2.64      8.11
   234/300     17.4G     0.972     0.225    0.0891      1.29         2       416     0.628     0.351     0.282      0.44      3.25      2.65       8.1
   235/300     17.4G      0.93     0.216    0.0972      1.24         3       416     0.629     0.349      0.28     0.438      3.25      2.67      8.09
   236/300     17.4G     0.998     0.249     0.109      1.36         4       416     0.628     0.347     0.279     0.436      3.25      2.68      8.09
   237/300     17.4G     0.944     0.228    0.0966      1.27         9       416     0.629     0.347     0.279     0.437      3.25      2.69      8.08
   238/300     17.4G     0.938      0.23    0.0902      1.26         3       416      0.63     0.346     0.278     0.436      3.25       2.7      8.08
   239/300     17.4G     0.902     0.212      0.09       1.2         2       416     0.631     0.345     0.277     0.435      3.25      2.72      8.08
   240/300     17.4G     0.927     0.223    0.0923      1.24         9       416     0.631     0.344     0.276     0.434      3.25      2.73      8.08
   241/300     17.4G     0.874     0.214    0.0878      1.18        13       416      0.63     0.344     0.277     0.434      3.25      2.74      8.08
   242/300     17.4G     0.884     0.211    0.0931      1.19         3       416     0.632     0.343     0.276     0.434      3.25      2.76      8.08
   243/300     17.4G     0.894     0.214    0.0932       1.2         5       416     0.633     0.341     0.275     0.433      3.25      2.77      8.07
   244/300     17.4G     0.862     0.203    0.0865      1.15         3       416     0.636     0.341     0.274     0.433      3.25      2.78      8.07
   245/300     17.4G      0.85       0.2    0.0945      1.14         4       416     0.636     0.339     0.273     0.431      3.25       2.8      8.07
   246/300     17.4G     0.849       0.2    0.0932      1.14         3       416     0.636     0.338     0.273     0.431      3.25      2.81      8.07
   247/300     17.4G     0.837       0.2    0.0843      1.12        22       416     0.637     0.337     0.272      0.43      3.25      2.82      8.07
   248/300     17.4G     0.825     0.202    0.0874      1.11         6       416     0.637     0.335     0.272     0.429      3.25      2.84      8.07
   249/300     17.4G      1.01     0.295     0.185      1.49         5       416     0.637     0.336     0.271     0.429      3.25      2.85      8.08
   250/300     17.4G     0.891     0.229    0.0898      1.21         3       416     0.637     0.333      0.27     0.427      3.25      2.86      8.08
   251/300     17.4G     0.846     0.213    0.0779      1.14         4       416     0.636     0.332      0.27     0.426      3.25      2.87      8.09
   252/300     17.4G     0.834     0.207    0.0836      1.12         5       416     0.637     0.331     0.269     0.425      3.25      2.88      8.09
   253/300     17.4G     0.826     0.204     0.083      1.11         7       416     0.638      0.33     0.269     0.425      3.26       2.9       8.1
   254/300     17.4G     0.788     0.194     0.079      1.06         3       416     0.639      0.33     0.268     0.425      3.26      2.91      8.11
   255/300     17.4G     0.781     0.189    0.0841      1.05         3       416     0.641      0.33     0.268     0.425      3.26      2.92      8.12
   256/300     17.4G     0.776     0.191    0.0872      1.05         2       416     0.642     0.328     0.267     0.424      3.26      2.93      8.13
   257/300     17.4G     0.778     0.192    0.0936      1.06         9       416     0.643     0.328     0.266     0.423      3.26      2.95      8.13
   258/300     17.4G     0.741     0.184     0.083      1.01         2       416     0.643     0.327     0.266     0.423      3.26      2.96      8.14
   259/300     17.4G     0.761     0.185    0.0706      1.02         4       416     0.644     0.326     0.265     0.423      3.26      2.97      8.15
   260/300     17.4G     0.732     0.177    0.0791     0.988         7       416     0.647     0.324     0.264     0.421      3.26      2.98      8.15
   261/300     17.4G     0.732     0.182    0.0703     0.984         3       416     0.647     0.324     0.264     0.421      3.26         3      8.16
   262/300     17.4G     0.714     0.179    0.0718     0.965         7       416     0.647     0.324     0.264     0.421      3.26      3.01      8.17
   263/300     17.4G     0.702     0.174    0.0714     0.948         4       416     0.648     0.324     0.264     0.421      3.26      3.02      8.17
   264/300     17.4G     0.703     0.174    0.0752     0.952         3       416     0.649     0.324     0.264     0.421      3.26      3.03      8.18
   265/300     17.4G     0.689     0.173     0.079      0.94         3       416      0.65     0.323     0.264     0.421      3.26      3.05      8.19
   266/300     17.4G     0.687      0.17     0.075     0.932         3       416     0.649     0.323     0.263      0.42      3.26      3.06      8.19
   267/300     17.4G     0.677     0.169    0.0777     0.924         2       416      0.65     0.322     0.263      0.42      3.27      3.07       8.2
   268/300     17.4G     0.685     0.173    0.0744     0.933         6       416     0.649     0.321     0.262     0.419      3.27      3.08      8.21
   269/300     17.4G     0.652     0.167    0.0742     0.893         3       416     0.651     0.321     0.261     0.419      3.27      3.09      8.21
   270/300     17.4G     0.648     0.166    0.0739     0.888         2       416     0.651      0.32     0.261     0.418      3.27       3.1      8.22
   271/300     17.4G     0.646     0.162    0.0805     0.889         2       416     0.651     0.319     0.261     0.417      3.27      3.12      8.23
   272/300     17.4G     0.645     0.161    0.0711     0.877         4       416     0.652     0.318      0.26     0.417      3.27      3.13      8.23
   273/300     17.4G     0.632     0.162    0.0675     0.861         2       416     0.653     0.318     0.259     0.417      3.27      3.14      8.24
   274/300     17.4G     0.629     0.163     0.076     0.869        10       416     0.653     0.317     0.259     0.416      3.27      3.15      8.25
   275/300     17.4G     0.629     0.162    0.0737     0.865         6       416     0.654     0.316     0.259     0.415      3.27      3.16      8.25
   276/300     17.4G     0.626      0.16    0.0803     0.867         4       416     0.655     0.316     0.259     0.416      3.27      3.17      8.26
   277/300     17.4G     0.622     0.159    0.0676     0.849         2       416     0.658     0.316     0.258     0.416      3.27      3.18      8.27
   278/300     17.4G     0.617     0.159    0.0776     0.854         2       416     0.658     0.316     0.258     0.416      3.28       3.2      8.27
   279/300     17.4G     0.617      0.16    0.0772     0.854        10       416     0.658     0.315     0.257     0.415      3.28      3.21      8.28
   280/300     17.4G      0.71     0.197    0.0781     0.985         3       416     0.656     0.315     0.258     0.415      3.28      3.21      8.28
   281/300     17.4G     0.642     0.171    0.0712     0.883         5       416     0.655     0.314     0.258     0.415      3.28      3.22      8.29
   282/300     17.4G     0.624     0.169    0.0778     0.871        10       416     0.655     0.315     0.258     0.415      3.28      3.23       8.3
   283/300     17.4G     0.622     0.168     0.073     0.862         7       416     0.655     0.316     0.258     0.415      3.28      3.24       8.3
   284/300     17.4G     0.614     0.168    0.0725     0.854         4       416     0.654     0.316     0.258     0.415      3.28      3.25      8.31
   285/300     17.4G     0.612     0.168    0.0711     0.852         7       416     0.656     0.317     0.259     0.417      3.28      3.26      8.31
   286/300     17.4G     0.611     0.161    0.0896     0.862         3       416     0.654     0.318      0.26     0.417      3.28      3.26      8.32
   287/300     17.4G     0.596     0.159    0.0761     0.832         2       416     0.654     0.318     0.261     0.418      3.28      3.27      8.33
   288/300     17.4G     0.592     0.156    0.0699     0.818         3       416     0.653     0.318     0.261     0.417      3.28      3.28      8.33
   289/300     17.4G     0.595     0.155    0.0702     0.819         4       416     0.653     0.318      0.26     0.417      3.28      3.29      8.34
   290/300     17.4G      0.58     0.153    0.0746     0.807         3       416     0.653     0.318      0.26     0.417      3.29       3.3      8.35
   291/300     17.4G     0.891     0.348     0.213      1.45        19       416     0.652     0.318      0.26     0.417      3.29       3.3      8.36
   292/300     17.4G     0.724     0.217     0.083      1.02         2       416     0.654      0.32     0.261     0.419      3.29      3.31      8.37
   293/300     17.4G     0.691     0.195    0.0797     0.966         3       416     0.653     0.321     0.261      0.42      3.29      3.31      8.39
   294/300     17.4G     0.638     0.182    0.0664     0.886         4       416     0.652     0.321     0.261     0.419      3.29      3.32       8.4
   295/300     17.4G     0.633     0.169    0.0681      0.87         6       416     0.651      0.32     0.261     0.419      3.29      3.33      8.41
   296/300     17.4G     0.637     0.174    0.0751     0.886         2       416     0.649     0.321     0.261      0.42      3.29      3.34      8.42
   297/300     17.4G      0.61     0.166    0.0622     0.838         7       416     0.648     0.321      0.26     0.419      3.29      3.34      8.43
   298/300     17.4G     0.603     0.163    0.0742      0.84        10       416     0.649     0.321     0.261      0.42      3.29      3.35      8.44
   299/300     17.4G     0.598     0.164    0.0704     0.832         6       416     0.647      0.32      0.26     0.419       3.3      3.36      8.45
   300/300     17.4G     0.583     0.162    0.0619     0.807         8       416     0.648     0.321      0.26     0.419       3.3      3.36      8.47
